rsamp1.png: -0.00030111
rsamp10.png: 0.0010742
rsamp2.png: -0.00086167
rsamp3.png: -0.00030111
rsamp4.png: -0.00030111
rsamp5.png: -0.00030111
rsamp6.png: 0.00067546
rsamp7.png: -0.00030111
rsamp8.png: -0.00030111
rsamp9.png: -0.00030111
The maximum robustness is 0.0010742
