rsamp1.png: -0.00030111
rsamp10.png: 0.0010742
rsamp100.png: -0.00030111
rsamp11.png: -0.00086167
rsamp12.png: 0.00086167
rsamp13.png: -0.00086167
rsamp14.png: -0.00086167
rsamp15.png: 0.0010742
rsamp16.png: -0.00027669
rsamp17.png: 0.00067546
rsamp18.png: -0.00086167
rsamp19.png: -0.00030111
rsamp2.png: -0.00086167
rsamp20.png: 0.0010742
rsamp21.png: 0.00067546
rsamp22.png: -0.00030111
rsamp23.png: -0.00030111
rsamp24.png: -0.00030111
rsamp25.png: -0.00050169
rsamp26.png: -0.00027669
rsamp27.png: -0.00030111
rsamp28.png: 0.00068865
rsamp29.png: 0.00067546
rsamp3.png: -0.00030111
rsamp30.png: -0.00030111
rsamp31.png: -0.00027669
rsamp32.png: -0.00027669
rsamp33.png: 0.00067546
rsamp34.png: 0.0010742
rsamp35.png: -0.00030111
rsamp36.png: -0.00050169
rsamp37.png: -0.00086167
rsamp38.png: -0.00086167
rsamp39.png: -0.00030111
rsamp4.png: -0.00030111
rsamp40.png: -0.00027669
rsamp41.png: -0.00030111
rsamp42.png: -0.00027669
rsamp43.png: 0.0010742
rsamp44.png: -0.00030111
rsamp45.png: -0.00030111
rsamp46.png: -0.00030111
rsamp47.png: -0.00027669
rsamp48.png: -0.00030111
rsamp49.png: -0.00030111
rsamp5.png: -0.00030111
rsamp50.png: 0.0010742
rsamp51.png: -0.00086167
rsamp52.png: 0.00067546
rsamp53.png: -0.00027669
rsamp54.png: -0.00030111
rsamp55.png: -0.00030111
rsamp56.png: -0.00027669
rsamp57.png: -0.00030111
rsamp58.png: 0.0010742
rsamp59.png: -0.00027669
rsamp6.png: 0.00067546
rsamp60.png: 0.0010742
rsamp61.png: -0.00030111
rsamp62.png: -0.00030111
rsamp63.png: 0.0010742
rsamp64.png: -0.00027669
rsamp65.png: -0.00030111
rsamp66.png: -0.00030111
rsamp67.png: 0.0010742
rsamp68.png: 0.0010742
rsamp69.png: -0.00027669
rsamp7.png: -0.00030111
rsamp70.png: -0.00050169
rsamp71.png: 0.00067546
rsamp72.png: -0.00030111
rsamp73.png: 0.0010742
rsamp74.png: -0.00027669
rsamp75.png: -0.00030111
rsamp76.png: 0.00068865
rsamp77.png: -0.00030111
rsamp78.png: 0.0010742
rsamp79.png: 0.00047487
rsamp8.png: -0.00030111
rsamp80.png: -0.00030111
rsamp81.png: 0.00067546
rsamp82.png: -0.00030111
rsamp83.png: 0.00047487
rsamp84.png: 0.0010742
rsamp85.png: 0.00068865
rsamp86.png: 0.00068865
rsamp87.png: -0.00030111
rsamp88.png: 0.0010742
rsamp89.png: -0.00030111
rsamp9.png: -0.00030111
rsamp90.png: -0.00030111
rsamp91.png: 0.00069987
rsamp92.png: 0.00047487
rsamp93.png: -0.00030111
rsamp94.png: 0.0010742
rsamp95.png: -0.00027669
rsamp96.png: 0.00086167
rsamp97.png: -0.00030111
rsamp98.png: 0.0010742
rsamp99.png: -0.00027669
The maximum robustness is 0.0010742
