rsamp1101.png: 0.0010742
rsamp1102.png: 0.00068865
rsamp1103.png: -0.00030111
rsamp1104.png: 0.0010742
rsamp1105.png: 0.00086167
rsamp1106.png: -0.00030111
rsamp1107.png: 0.0010742
rsamp1108.png: -0.00030111
rsamp1109.png: 0.00086167
rsamp1110.png: -0.00086167
rsamp1111.png: 0.0010742
rsamp1112.png: 0.00069987
rsamp1113.png: 0.0010742
rsamp1114.png: 0.0010742
rsamp1115.png: -0.00030111
rsamp1116.png: 0.0010742
rsamp1117.png: 0.00086167
rsamp1118.png: -0.00027669
rsamp1119.png: -0.00086167
rsamp1120.png: -0.00030111
rsamp1121.png: 0.00067546
rsamp1122.png: 0.0010742
rsamp1123.png: -0.00068865
rsamp1124.png: 0.0010742
rsamp1125.png: 0.0010742
rsamp1126.png: -0.0010991
rsamp1127.png: -0.00027669
rsamp1128.png: 0.0010742
rsamp1129.png: -0.00068865
rsamp1130.png: -0.00030111
rsamp1131.png: 0.0010742
rsamp1132.png: -0.00030111
rsamp1133.png: -0.00030111
rsamp1134.png: -0.00027669
rsamp1135.png: 0.0010742
rsamp1136.png: -0.00027669
rsamp1137.png: -0.00027669
rsamp1138.png: -0.00086167
rsamp1139.png: -0.00027669
rsamp1140.png: 0.00086167
rsamp1141.png: 0.0010742
rsamp1142.png: -0.00030111
rsamp1143.png: 0.00067546
rsamp1144.png: 0.0010742
rsamp1145.png: -0.0010991
rsamp1150.png: 0.0010742
rsamp1151.png: -0.00030111
rsamp1152.png: 0.0010742
rsamp1153.png: -0.00030111
rsamp1154.png: 0.00067546
rsamp1155.png: -0.00030111
rsamp1156.png: -0.00030111
rsamp1157.png: -0.00030111
rsamp1158.png: -0.00050169
rsamp1159.png: 0.0010742
rsamp1160.png: 0.0010742
rsamp1161.png: 0.0010742
rsamp1162.png: -0.00030111
rsamp1163.png: 0.0010742
rsamp1164.png: -0.00027669
rsamp1165.png: -0.00030111
rsamp1166.png: 0.00047487
rsamp1167.png: -0.00030111
rsamp1168.png: 0.0010742
rsamp1169.png: -0.00027669
rsamp1170.png: -0.00030111
rsamp1171.png: -0.00086167
rsamp1172.png: -0.00086167
rsamp1173.png: -0.00030111
rsamp1174.png: -0.00086167
rsamp1175.png: -0.00030111
rsamp1176.png: 0.0010742
rsamp1178.png: -0.00027669
rsamp1179.png: 0.0010742
rsamp1180.png: 0.00086167
rsamp1181.png: 0.00067546
rsamp1182.png: 0.0010742
rsamp1183.png: -0.00050169
rsamp1184.png: -0.00086167
rsamp1185.png: 0.0010742
rsamp1186.png: 0.00086167
rsamp1187.png: -0.00030111
rsamp1188.png: 0.00086167
rsamp1189.png: 0.0010742
rsamp1190.png: 0.00067546
rsamp1191.png: -0.00030111
rsamp1192.png: 0.00086167
rsamp1193.png: -0.00027669
rsamp1194.png: -0.00030111
rsamp1195.png: 0.00067546
rsamp1196.png: -0.00086167
rsamp1197.png: 0.0010742
rsamp1198.png: 0.00069987
rsamp1199.png: -0.00030111
rsamp1200.png: -0.00050169
The maximum robustness is 0.0010742
