samp1.png: -0.0036101
samp10.png: -0.0030447
samp100.png: -0.0033966
samp11.png: -0.0029103
samp12.png: -0.003531
samp13.png: -0.0030961
samp14.png: -0.0029775
samp15.png: -0.0027442
samp16.png: -0.0034085
samp17.png: -0.003535
samp18.png: -0.0033096
samp19.png: -0.0032226
samp2.png: -0.0035468
samp20.png: -0.0033492
samp21.png: -0.0032503
samp22.png: -0.0031396
samp23.png: -0.0033333
samp24.png: -0.0027798
samp25.png: -0.0028826
samp26.png: -0.0033128
samp27.png: -0.0034164
samp28.png: -0.0035033
samp29.png: -0.0033531
samp3.png: -0.0030487
samp30.png: -0.0025347
samp31.png: -0.0030289
samp32.png: -0.002847
samp33.png: -0.0028391
samp34.png: -0.0030566
samp35.png: -0.0030329
samp36.png: -0.002934
samp37.png: -0.0034994
samp38.png: -0.0032029
samp39.png: -0.0031673
samp4.png: -0.0035192
samp40.png: -0.0032819
samp41.png: -0.0034808
samp42.png: -0.0028945
samp43.png: -0.0033373
samp44.png: -0.0034519
samp45.png: -0.0030289
samp46.png: -0.0034361
samp47.png: -0.0034875
samp48.png: -0.0031357
samp49.png: -0.0032503
samp5.png: -0.0030289
samp50.png: -0.0036061
samp51.png: -0.0031317
samp52.png: -0.0033017
samp53.png: -0.0035785
samp54.png: -0.0034085
samp55.png: -0.0034875
samp56.png: -0.002424
samp57.png: -0.0036892
samp58.png: -0.0034678
samp59.png: -0.0032701
samp6.png: -0.0034401
samp60.png: -0.0033136
samp61.png: -0.0031475
samp62.png: -0.0035824
samp63.png: -0.0030605
samp64.png: -0.0032424
samp65.png: -0.003365
samp66.png: -0.003365
samp67.png: -0.0029736
samp68.png: -0.0030724
samp69.png: -0.0033531
samp7.png: -0.0034757
samp70.png: -0.0035429
samp71.png: -0.0032226
samp72.png: -0.0033017
samp73.png: -0.0027917
samp74.png: -0.0034994
samp75.png: -0.0030724
samp76.png: -0.0032345
samp77.png: -0.0033926
samp78.png: -0.0028233
samp79.png: -0.003365
samp8.png: -0.0033215
samp80.png: -0.0033729
samp81.png: -0.003361
samp82.png: -0.0035271
samp83.png: -0.0030882
samp84.png: -0.0031554
samp85.png: -0.0031515
samp86.png: -0.0035745
samp87.png: -0.0035113
samp88.png: -0.0031752
samp89.png: -0.0032305
samp9.png: -0.0029775
samp90.png: -0.0033847
samp91.png: -0.003278
samp92.png: -0.0032171
samp93.png: -0.0032661
samp94.png: -0.0035706
samp95.png: -0.0030605
samp96.png: -0.0029933
samp97.png: -0.0031119
samp98.png: -0.0035903
samp99.png: -0.0032859
The maximum robustness is -0.002424
