samp1.png: -0.013409
samp10.png: -0.013793
samp100.png: -0.012496
samp11.png: -0.01435
samp12.png: -0.012335
samp13.png: -0.0094079
samp14.png: -0.013864
samp15.png: -0.011859
samp16.png: -0.014289
samp17.png: -0.012476
samp18.png: -0.011966
samp19.png: -0.014342
samp2.png: -0.014386
samp20.png: -0.012741
samp21.png: -0.013433
samp22.png: -0.013492
samp23.png: -0.013018
samp24.png: -0.01095
samp25.png: -0.013449
samp26.png: -0.012148
samp27.png: -0.012646
samp28.png: -0.012757
samp29.png: -0.01363
samp3.png: -0.013706
samp30.png: -0.01197
samp31.png: -0.0121
samp32.png: -0.011911
samp33.png: -0.013326
samp34.png: -0.012173
samp35.png: -0.011974
samp36.png: -0.012911
samp37.png: -0.012642
samp38.png: -0.014615
samp39.png: -0.012986
samp4.png: -0.013342
samp40.png: -0.013915
samp41.png: -0.012381
samp42.png: -0.013753
samp43.png: -0.013559
samp44.png: -0.014401
samp45.png: -0.012527
samp46.png: -0.013603
samp47.png: -0.011764
samp48.png: -0.0087199
samp49.png: -0.013116
samp5.png: -0.0090481
samp50.png: -0.013551
samp51.png: -0.012326
samp52.png: -0.011974
samp53.png: -0.013619
samp54.png: -0.01246
samp55.png: -0.011258
samp56.png: -0.013112
samp57.png: -0.012741
samp58.png: -0.012468
samp59.png: -0.012211
samp6.png: -0.013682
samp60.png: -0.010966
samp61.png: -0.012401
samp62.png: -0.013421
samp63.png: -0.010052
samp64.png: -0.013211
samp65.png: -0.011207
samp66.png: -0.012587
samp67.png: -0.010815
samp68.png: -0.013097
samp69.png: -0.011952
samp7.png: -0.011994
samp70.png: -0.012551
samp71.png: -0.012891
samp72.png: -0.014512
samp73.png: -0.012765
samp74.png: -0.013567
samp75.png: -0.0092379
samp76.png: -0.012156
samp77.png: -0.013342
samp78.png: -0.011752
samp79.png: -0.01248
samp8.png: -0.012183
samp80.png: -0.011432
samp81.png: -0.012693
samp82.png: -0.01231
samp83.png: -0.012915
samp84.png: -0.011768
samp85.png: -0.01295
samp86.png: -0.013136
samp87.png: -0.01261
samp88.png: -0.01318
samp89.png: -0.014437
samp9.png: -0.012599
samp90.png: -0.012255
samp91.png: -0.012515
samp92.png: -0.013268
samp93.png: -0.013903
samp94.png: -0.011278
samp95.png: -0.013551
samp96.png: -0.011274
samp97.png: -0.013298
samp98.png: -0.013002
samp99.png: -0.005626
The maximum robustness is -0.005626
