samp1.png: 0.085333
samp10.png: 0.11746
samp100.png: 0.060456
samp11.png: 0.056174
samp12.png: 0.086183
samp13.png: 0.08168
samp14.png: 0.061038
samp15.png: 0.046935
samp16.png: 0.0531
samp17.png: 0.10167
samp18.png: 0.024913
samp19.png: 0.033623
samp2.png: 0.08982
samp20.png: 0.069641
samp21.png: 0.085325
samp22.png: 0.060705
samp23.png: 0.017527
samp24.png: 0.050766
samp25.png: 0.00077493
samp26.png: 0.00077493
samp27.png: 0.00077493
samp28.png: 0.00077493
samp29.png: 0.00077493
samp3.png: 0.11069
samp30.png: 0.00077493
samp31.png: 0.083937
samp32.png: 0.094043
samp33.png: 0.062959
samp34.png: 0.1218
samp35.png: 0.10777
samp36.png: 0.041827
samp37.png: 0.047061
samp38.png: 0.1175
samp39.png: 0.020283
samp4.png: 0.071416
samp40.png: 0.11756
samp41.png: 0.10243
samp42.png: 0.075809
samp43.png: 0.060168
samp44.png: 0.11465
samp45.png: 0.064529
samp46.png: 0.00077493
samp47.png: 0.00077493
samp48.png: 1.7713e-09
samp49.png: 0.00077493
samp5.png: 0.063224
samp50.png: 0.00077493
samp51.png: 0.023786
samp52.png: 0.039336
samp53.png: 0.10936
samp54.png: 0.083095
samp55.png: 0.048868
samp56.png: 0.08831
samp57.png: 0.039458
samp58.png: 0.09547
samp59.png: 0.082597
samp6.png: 0.018373
samp60.png: 0.067336
samp61.png: 0.053873
samp62.png: 0.092813
samp63.png: -3.952e-06
samp64.png: 0.078442
samp65.png: 0.098613
samp66.png: 0.068451
samp67.png: 0.018116
samp68.png: 0.067751
samp69.png: 0.079889
samp7.png: 0.028455
samp70.png: 0.089805
samp71.png: 0.062129
samp72.png: 0.064094
samp73.png: 0.047492
samp74.png: 0.038928
samp75.png: 0.021722
samp76.png: 0.058436
samp77.png: 0.085017
samp78.png: 0.10033
samp79.png: 0.060326
samp8.png: 0.040126
samp80.png: 0.070234
samp81.png: 0.04068
samp82.png: 0.047464
samp83.png: 0.074354
samp84.png: 0.074073
samp85.png: 0.059294
samp86.png: 0.092299
samp87.png: 0.068913
samp88.png: 0.074195
samp89.png: 0.034896
samp9.png: 0.086563
samp90.png: 0.10565
samp91.png: 0.086163
samp92.png: 0.10334
samp93.png: 0.069123
samp94.png: 0.078315
samp95.png: 0.074369
samp96.png: 0.043926
samp97.png: 0.092414
samp98.png: 0.080181
samp99.png: 0.0015581
The maximum robustness is 0.1218
